211.2 35.22
223.63 34.86
137.68 36.22
218.99 35.95
228.02 38.63
241.22 38.78
236.37 39.86
651.6 40.38
134.13 41.24
215.34 41.13
244.67 43.01
232.08 44.21
266.57 44.67
251.77 45.43
218.89 46.89
261.86 46.59
281.25 46.96
165.08 48.9
227.69 48.88
234.38 50.39
214.5 51.15
221.99 50.77
277.89 51.15
284.55 51.44
302.48 51.06
239.49 52.36
272.6 52.28
291.92 51.93
298.15 52.28
209.81 53.96
230.71 54.05
128.83 56.13
226.17 57.35
295.2 57.52
318.57 57.68
325.05 58.28
237.59 59.75
244.06 60.54
250.45 61.91
291.57 62.37
322.05 62.5
127.89 63.25
260.51 62.81
273.19 62.84
298.02 63.06
327.13 63.37
340.23 63.09
336.22 65.11
132.86 66.11
294.78 67.34
318.7 66.92
331.57 66.44
324.64 67.85
369.14 68.1
284.11 68.68
374.17 68.8
290.23 69.9
329.59 70.53
334.73 69.89
338.02 70.25
356.45 70.13
213.15 71.43
321.93 72.11
305.35 73.42
341.49 73.72
372.01 72.95
220.88 74.21
350.15 74.53
232.14 75.08
336.23 75.3
310.26 75.55
318.27 76.25
331.35 76.16
254.64 77.19
369.23 77.23
324.64 78.08
373.23 77.71
314.04 79.18
221.12 79.97
260.15 81.48
371.97 82.28
260.99 82.76
162.83 84.75
261.74 84.36
367.6 85.11
363.1 87.34
228.02 89.46
309.62 88.96
240.09 93.5
288.23 93.5
301.2 92.81
162.99 94.17
333.0 94.02
208.98 94.61
231.87 98.43
327.77 98.1
357.05 98.27
308.56 99.58
275.99 100.61
334.23 100.82
344.05 100.7
352.16 102.51
161.87 102.99
387.04 105.02
323.78 108.44
309.49 111.78
318.34 112.65
346.96 113.1
435.24 114.95
313.57 116.25
333.62 115.67
342.01 116.66
401.2 116.61
377.88 118.11
411.01 117.86
468.09 119.4
337.67 120.59
372.64 121.85
462.38 122.96
442.64 124.16
469.8 124.74
393.05 125.96
403.05 126.76
446.69 128.45
409.0 128.58
416.27 129.16
426.38 131.28
470.79 131.44
412.55 133.28
435.06 132.86
461.02 133.15
443.77 133.96
450.04 135.74
456.29 136.24
206.91 136.8
218.39 139.31
211.75 140.73
267.18 142.91
254.65 144.0
207.46 144.57
216.05 145.03
221.81 145.2
262.24 144.92
271.92 144.81
250.16 145.74
270.32 146.01
698.73 146.4
740.02 147.03
231.76 147.49
280.02 147.96
211.51 148.95
257.54 148.89
294.27 148.94
274.08 150.05
730.18 149.53
218.7 151.55
227.62 150.62
235.65 150.96
241.66 150.64
310.77 150.97
206.31 152.14
721.12 152.07
218.07 152.51
298.41 152.97
320.59 153.93
224.98 154.28
250.07 154.2
327.02 153.98
255.76 155.06
314.92 154.98
320.71 154.43
678.69 154.41
238.66 156.39
245.19 155.68
273.94 155.97
334.32 156.34
343.36 156.04
711.19 156.44
220.09 157.03
294.65 157.2
302.23 157.04
254.24 158.24
262.18 158.84
310.78 158.85
358.77 158.73
365.52 159.63
242.42 160.19
270.27 159.93
279.29 159.97
317.23 159.9
372.49 159.7
257.58 161.26
304.68 161.05
322.2 161.27
354.18 161.33
706.82 160.64
266.27 162.16
298.32 161.58
293.17 162.99
386.13 162.52
406.09 163.35
734.96 163.41
313.9 163.55
361.02 164.08
375.69 163.65
399.49 163.54
629.91 164.39
309.29 165.02
710.72 165.29
725.35 165.44
379.77 166.23
319.8 166.55
326.41 166.8
403.34 166.96
407.9 167.35
420.04 166.74
332.84 167.9
342.23 168.28
372.65 167.68
399.89 170.26
643.09 170.22
713.7 170.22
351.46 171.05
357.71 171.0
423.4 171.34
365.4 171.8
380.6 171.59
393.55 171.79
698.83 171.84
346.92 172.57
371.28 173.02
360.97 174.33
403.25 174.11
408.51 174.08
385.94 175.0
622.05 174.81
416.23 175.93
641.1 175.76
662.79 176.1
398.74 176.51
412.41 177.49
405.54 178.78
414.33 179.87
409.82 181.74
637.94 186.61
622.88 189.78
725.74 194.23
602.2 194.7
716.99 194.95
129.8 199.32
682.1 201.1
471.47 203.49
367.84 205.37
373.57 205.75
678.62 206.35
641.14 209.98
684.06 209.55
129.51 212.39
627.53 216.4
609.71 219.09
129.18 219.54
467.76 220.28
709.26 219.74
605.24 223.76
595.58 224.49
674.64 225.23
129.11 226.32
663.29 226.64
417.89 227.59
652.21 228.22
609.18 229.57
641.06 229.91
129.18 232.06
229.91 236.06
611.76 235.83
596.82 237.13
128.85 239.68
422.99 241.8
299.1 243.6
166.77 246.28
178.19 246.4
129.17 246.67
161.91 248.96
179.27 252.25
128.85 259.85
519.87 263.17
128.93 266.15
225.95 266.48
318.51 274.55
305.8 276.42
276.64 276.63
127.9 279.13
188.04 279.19
223.24 279.31
283.38 278.85
426.35 280.46
252.59 282.37
288.2 281.74
247.71 284.64
354.38 285.81
220.16 287.02
128.02 291.33
416.87 293.03
335.76 294.0
179.66 295.21
273.14 297.49
281.94 297.05
187.66 300.27
430.28 301.08
211.78 304.18
128.26 305.01
469.69 307.9
128.22 311.07
756.71 317.2
127.88 323.19
343.54 323.4
637.93 325.72
649.99 328.88
660.58 329.8
667.29 330.97
127.67 331.85
736.58 334.51
127.05 338.97
477.51 338.85
467.62 342.17
457.11 342.66
498.45 343.53
462.5 345.67
511.65 346.1
521.77 346.57
668.99 346.98
173.3 350.48
245.99 353.43
178.04 354.21
619.78 355.16
217.61 356.24
223.02 355.8
228.36 356.34
628.4 356.31
127.31 356.71
127.16 366.06
196.68 368.27
205.69 368.22
127.11 373.31
207.16 373.87
214.77 376.45
127.12 381.85
216.09 382.33
509.34 382.31
206.12 383.35
197.67 383.78
496.13 384.8
187.43 387.77
126.69 388.86
201.06 389.3
121.99 393.83
203.44 394.31
208.08 395.57
126.76 396.52
407.68 400.34
210.4 401.33
413.06 400.81
461.97 401.39
386.9 402.06
126.79 403.55
427.11 404.54
186.12 405.99
207.63 406.33
371.3 406.31
242.19 411.07
166.12 412.16
276.33 415.58
289.82 415.55
126.71 416.72
494.8 417.95
681.36 418.16
195.05 420.17
122.64 420.67
249.77 422.56
126.93 423.7
218.22 423.74
422.98 427.36
252.44 429.32
127.03 431.48
181.99 430.95
420.8 433.07
245.07 433.92
260.74 435.59
289.74 435.93
216.43 436.95
324.9 437.82
126.25 439.28
272.22 440.41
504.0 441.02
217.45 442.32
264.9 442.12
295.74 442.15
334.09 441.76
125.56 444.88
190.29 444.8
222.17 444.48
284.71 446.16
354.91 446.85
272.66 448.67
511.06 448.89
126.44 450.65
282.98 451.9
200.21 452.84
122.03 453.7
125.93 458.33
296.34 457.56
354.97 457.75
278.2 459.67
659.41 459.81
267.6 461.93
222.71 465.26
592.38 464.88
226.44 469.3
126.14 471.11
277.08 470.78
176.75 473.13
222.71 474.2
172.92 478.29
180.15 478.3
125.65 479.67
551.21 481.04
166.58 482.43
544.25 482.29
554.42 485.22
201.47 486.24
566.18 485.94
125.89 487.92
188.72 487.65
548.96 488.32
343.84 488.74
278.23 491.45
561.9 492.5
186.22 493.02
578.24 494.01
569.68 495.05
601.05 495.28
346.78 499.2
125.96 500.29
265.79 499.94
599.94 501.65
624.84 501.76
606.77 503.12
319.01 503.89
628.85 505.33
642.53 506.79
189.84 508.37
293.18 508.14
125.88 508.55
649.68 508.57
658.91 510.23
645.2 511.01
256.53 512.35
265.89 511.74
628.08 511.8
341.08 514.2
262.01 515.05
125.72 516.11
664.54 517.12
255.84 518.95
263.47 519.43
652.88 518.53
686.0 518.61
681.25 521.14
336.63 523.87
688.1 523.65
695.48 524.25
684.08 526.14
702.61 525.97
710.03 528.28
697.1 529.78
716.89 529.91
237.57 531.1
703.95 531.62
723.22 531.73
738.02 535.13
217.24 535.76
216.39 542.19
748.41 542.73
239.91 560.31
766.94 616.18
238.32 44.34
356.82 43.74
211.12 46.38
273.04 47.0
216.7 52.62
164.13 53.92
272.99 54.95
330.81 55.25
134.89 57.06
277.75 58.34
303.84 57.75
273.81 59.88
231.17 61.41
335.81 60.75
364.72 63.34
355.84 64.91
254.14 66.74
736.66 67.11
273.82 68.04
311.22 68.52
264.74 69.13
297.56 68.66
344.09 68.94
211.48 72.33
279.04 73.04
324.72 72.54
356.89 72.93
239.36 73.89
375.68 73.56
163.07 74.89
131.71 76.18
230.17 75.78
245.32 77.27
357.18 76.7
256.55 77.97
264.37 77.92
337.23 80.26
580.8 82.17
271.61 82.85
290.12 82.64
328.59 82.79
283.45 83.93
249.06 84.67
315.22 84.75
357.02 84.5
297.15 87.26
278.02 90.09
337.37 90.49
522.08 90.52
263.05 91.54
319.59 91.94
269.23 93.23
350.81 94.33
220.64 94.65
253.33 95.41
311.76 94.59
297.62 98.15
325.92 97.84
334.01 98.23
343.53 97.57
213.82 99.35
278.45 99.36
243.93 100.21
225.8 101.47
237.85 102.15
257.55 102.45
373.88 101.88
319.87 102.99
393.66 102.87
270.49 104.33
302.31 104.3
311.5 105.46
329.16 105.07
409.68 105.26
262.95 106.19
129.44 107.16
283.15 106.73
336.06 107.29
529.08 107.01
153.7 107.86
379.6 107.71
387.56 107.75
401.22 108.29
169.8 109.19
296.07 108.84
288.7 110.49
417.07 110.13
427.9 112.05
450.61 112.46
129.85 113.07
374.04 112.76
145.51 113.95
382.79 114.51
409.63 114.99
524.56 115.02
162.05 115.58
442.62 116.19
355.68 117.15
389.82 116.97
422.48 117.44
457.57 117.62
348.02 120.18
396.77 120.06
405.31 120.8
469.33 122.25
450.51 122.62
422.78 123.76
161.38 124.62
386.95 124.96
400.86 127.53
429.21 127.71
438.2 127.95
457.9 127.74
465.38 129.44
442.4 134.97
429.24 135.93
161.68 136.59
468.74 138.14
461.94 140.26
231.79 141.52
245.54 144.17
274.31 144.3
284.8 153.13
303.47 153.3
354.52 155.75
231.34 156.59
152.02 162.2
301.96 162.36
168.43 162.69
523.33 162.84
355.43 163.68
717.53 163.59
415.58 166.15
314.02 167.24
666.02 166.75
143.56 168.54
161.64 169.74
392.16 170.06
336.33 171.39
710.32 170.81
354.95 171.71
378.73 172.44
685.16 172.8
419.94 177.67
662.48 181.47
583.08 182.22
358.17 191.96
739.98 192.27
370.22 197.28
694.95 198.74
709.28 198.77
393.02 200.94
715.93 202.93
700.92 204.92
384.3 206.15
661.14 205.59
409.43 206.97
478.09 208.74
594.25 208.82
651.15 208.76
422.05 209.88
629.41 210.96
850.52 210.78
407.55 212.71
673.09 211.73
732.84 212.38
835.96 212.01
516.05 213.19
657.75 212.86
470.3 213.88
610.77 214.14
524.26 214.74
646.59 214.69
701.07 215.12
687.03 216.4
591.15 216.61
678.13 217.98
627.2 218.98
364.77 219.75
850.08 219.75
836.16 221.04
382.17 222.26
411.12 222.04
425.46 222.27
696.89 221.93
680.39 225.36
626.62 225.91
676.68 225.75
393.05 228.67
612.63 228.68
726.36 229.77
590.64 231.64
215.89 233.24
421.92 233.76
624.47 233.83
261.36 235.21
436.04 234.77
609.37 236.06
222.76 238.4
239.55 237.58
267.25 238.1
587.83 239.0
280.71 240.05
186.94 241.46
414.91 241.29
365.24 241.93
177.46 243.69
272.93 244.24
521.6 245.92
291.8 247.93
303.89 248.97
415.23 248.89
184.54 250.1
167.4 250.88
233.16 251.04
523.3 254.49
451.47 255.27
433.83 256.46
442.46 256.56
176.33 258.49
184.05 258.53
161.88 259.64
205.31 260.18
237.02 259.67
214.04 261.42
197.12 264.29
227.31 265.39
512.59 264.92
122.81 266.19
456.1 266.49
420.74 267.69
353.11 272.84
228.83 274.22
521.62 275.64
218.11 276.71
251.89 276.67
310.6 277.3
418.13 277.23
298.16 277.64
166.73 278.63
333.02 279.17
453.26 279.59
358.23 280.67
401.92 282.38
232.88 282.75
277.7 283.39
296.75 285.22
161.56 285.52
761.44 286.19
286.77 287.49
735.69 286.83
184.67 289.96
204.21 291.4
270.4 291.11
344.98 291.76
357.27 292.29
530.01 292.41
658.64 292.2
167.62 293.77
298.23 294.42
327.59 295.34
401.69 294.47
257.98 296.08
352.18 299.41
468.81 299.27
549.9 300.23
161.41 300.61
529.54 301.37
557.98 302.8
176.05 303.76
411.59 304.31
423.6 304.24
224.99 305.12
239.31 304.72
352.68 305.27
575.46 304.59
715.98 305.52
166.53 307.39
191.59 308.09
468.43 307.73
539.19 310.01
835.2 310.39
415.83 312.63
427.88 312.81
552.2 312.63
572.31 313.11
161.23 313.85
172.68 314.41
365.3 314.08
749.18 314.3
338.34 315.98
649.83 315.85
659.14 316.07
761.4 317.72
587.21 318.91
700.97 320.36
719.28 320.28
167.39 321.46
635.54 320.82
669.99 321.33
729.2 320.87
529.45 321.68
335.22 324.31
442.77 323.73
672.81 324.93
477.51 327.12
644.42 326.66
341.54 330.24
443.78 329.92
356.86 331.25
565.6 330.67
575.08 331.07
122.06 331.52
707.34 331.56
550.43 334.65
622.72 334.83
667.53 337.2
504.64 338.08
476.18 338.6
644.83 339.16
743.06 339.5
513.49 340.1
682.41 340.73
351.78 342.05
364.23 341.77
566.91 341.74
629.76 342.06
656.12 342.14
490.9 343.5
167.14 343.78
733.38 343.88
450.65 346.09
621.11 347.47
358.21 348.05
542.36 347.44
660.22 348.88
724.07 349.34
684.95 349.77
184.54 351.35
241.12 350.79
660.53 350.73
707.52 350.64
222.8 352.22
476.18 352.34
454.23 353.45
639.4 352.93
671.43 354.32
463.54 354.58
166.93 356.26
209.89 357.36
235.1 357.37
605.15 357.99
657.61 358.85
643.26 359.45
201.85 360.86
633.81 363.19
214.39 364.28
666.81 363.86
623.49 365.28
682.09 367.68
750.05 369.56
209.75 371.77
606.81 371.78
643.54 372.0
193.45 372.82
658.09 374.2
836.55 373.58
847.91 373.55
686.84 376.05
201.41 377.35
507.37 382.62
186.2 384.38
208.6 383.7
612.76 384.28
626.99 385.15
439.37 386.69
167.98 388.33
675.08 389.18
485.9 392.36
528.55 393.54
762.92 392.84
194.3 394.48
420.04 394.44
696.79 395.96
217.56 396.96
185.84 397.88
432.09 398.12
626.93 398.07
375.15 400.24
393.76 402.42
404.98 401.89
531.48 401.82
422.07 403.38
508.77 404.45
189.11 405.32
483.18 406.26
597.43 407.12
883.2 407.53
373.83 407.63
764.52 407.69
243.06 409.28
257.1 408.82
473.73 409.27
682.87 408.71
712.42 409.33
121.63 409.61
527.33 409.76
621.24 410.31
691.03 410.25
209.58 412.19
499.03 411.79
542.61 412.31
672.43 411.56
270.41 413.19
186.27 413.83
435.15 413.99
288.23 414.7
260.46 416.24
234.38 416.4
246.72 417.58
532.65 418.33
316.63 419.5
474.42 419.02
655.96 419.78
553.11 420.83
293.14 422.04
419.08 421.85
595.26 421.96
277.6 422.79
579.16 422.88
619.45 422.92
645.58 422.72
238.68 424.25
495.73 423.94
219.82 424.93
262.53 425.18
411.04 424.7
480.96 425.07
528.01 425.07
546.0 424.94
565.28 425.32
302.98 426.06
286.2 427.49
310.23 428.44
193.93 429.02
316.23 429.46
247.17 430.1
296.27 429.77
185.91 432.97
281.53 433.58
329.54 433.55
177.33 435.21
207.68 435.5
195.5 435.77
310.98 436.89
544.27 437.02
288.85 438.54
278.06 440.37
612.05 440.38
833.16 439.68
473.88 441.48
556.28 441.3
167.58 442.45
321.86 442.24
866.37 442.3
531.05 443.0
620.81 442.83
176.66 443.88
185.27 443.61
201.03 444.67
316.14 444.52
460.54 446.42
704.78 446.2
731.87 446.12
245.45 446.93
348.24 446.62
488.62 446.97
335.65 448.33
504.1 447.83
543.15 447.8
581.26 447.81
264.56 449.32
292.66 449.13
480.13 448.63
323.65 450.27
310.58 450.7
224.02 451.82
238.38 454.93
635.4 454.51
565.13 455.81
279.2 457.21
333.13 457.12
529.17 457.18
503.97 458.26
173.98 459.26
200.38 459.42
537.26 458.65
232.36 460.39
264.61 460.02
625.29 460.05
313.86 462.33
765.79 461.96
303.43 463.19
526.72 465.16
272.18 466.8
583.36 466.57
340.77 468.08
599.57 468.26
609.06 467.54
505.01 468.54
215.54 471.4
237.38 471.14
332.55 471.5
175.14 471.73
200.57 472.28
688.68 472.43
279.81 478.17
614.92 479.37
167.06 480.58
219.87 484.06
498.01 483.8
562.07 484.05
544.58 484.37
635.63 484.71
331.51 489.78
318.11 490.69
587.45 491.15
568.34 492.09
349.62 493.32
338.81 494.11
272.09 497.09
325.97 496.74
594.44 496.74
519.34 498.57
585.12 499.2
245.47 500.49
333.18 501.68
352.76 503.96
181.12 506.08
261.5 505.98
616.29 506.71
627.09 508.11
249.07 508.64
599.19 509.05
637.99 510.89
653.53 513.17
766.25 513.02
247.26 515.02
256.31 514.46
293.18 520.4
345.85 520.99
673.39 521.23
241.9 522.47
361.35 521.66
324.92 524.16
301.01 527.86
436.02 528.11
248.07 528.77
235.17 529.92
284.15 530.59
525.14 530.71
168.91 532.72
269.74 533.08
400.73 533.15
725.81 532.99
254.88 534.64
292.74 534.61
261.11 539.27
524.88 538.71
738.96 539.35
746.77 538.83
224.0 539.67
361.7 539.75
241.84 540.68
348.42 542.4
231.93 542.97
168.46 547.19
296.95 551.08
160.44 551.6
140.32 554.03
281.14 554.62
254.09 556.79
151.15 559.21
240.02 559.83
227.78 561.84
695.23 563.8
129.4 565.28
206.81 565.25
128.84 580.17
750.89 581.51
750.73 596.12
166.62 598.39
144.07 601.87
248.15 103.12
218.89 267.79
257.13 441.77
275.41 57.84
303.57 58.45
216.66 60.46
244.32 60.3
230.56 62.77
155.9 63.8
290.39 64.02
355.61 65.36
253.01 66.94
221.79 69.2
239.77 72.3
280.7 73.14
367.21 73.03
211.58 73.62
317.95 75.41
358.13 74.84
132.18 76.31
297.51 76.42
229.79 76.81
246.59 76.78
254.21 76.61
264.88 76.55
367.99 77.96
290.17 81.47
328.13 82.5
581.39 82.43
315.0 84.32
345.16 85.09
239.07 86.22
250.48 86.83
337.19 89.74
520.78 91.34
532.78 91.15
263.71 92.01
251.88 93.17
267.83 93.03
351.35 93.25
365.57 94.58
278.83 97.01
289.08 96.48
343.97 99.21
246.21 102.15
393.75 101.69
237.91 103.12
255.68 103.27
410.01 104.26
153.64 106.98
262.76 107.26
386.73 106.92
171.17 108.13
131.54 109.05
401.21 108.86
435.02 110.16
288.51 111.5
451.0 111.67
145.09 114.83
355.54 115.45
162.15 116.33
524.31 116.13
442.68 116.64
347.65 121.12
422.74 120.97
468.9 122.22
363.94 125.29
389.54 125.48
378.93 125.72
429.92 126.38
442.11 126.34
414.85 126.91
400.59 129.16
410.57 128.71
453.24 135.29
162.43 137.34
240.17 137.71
461.36 140.88
275.42 145.08
266.78 153.34
284.32 153.16
263.41 154.01
250.25 158.1
294.01 158.35
151.89 161.16
169.73 161.3
521.78 161.26
734.18 160.56
133.89 161.68
371.15 162.19
367.17 163.45
715.85 163.33
301.59 163.78
384.75 163.94
400.28 164.84
416.18 166.8
664.95 166.68
142.98 169.32
366.44 169.49
370.94 169.34
161.58 170.48
685.0 171.81
399.13 174.97
418.41 178.23
583.47 184.1
358.05 193.41
695.2 198.34
369.77 198.58
393.03 201.97
718.31 203.67
701.07 206.65
384.07 208.09
409.89 208.43
592.89 208.93
423.01 210.44
479.68 210.35
628.24 211.22
732.78 211.46
514.16 214.49
520.33 215.22
685.94 216.71
373.57 218.03
849.48 218.87
724.58 219.87
837.08 220.19
411.58 222.29
463.85 221.93
424.9 222.72
677.95 225.51
612.82 228.23
393.7 229.17
215.31 231.65
625.49 233.54
263.22 234.99
433.01 234.62
240.64 237.46
415.39 238.61
590.55 239.4
281.62 239.92
186.33 241.07
366.84 240.67
168.27 247.17
290.8 248.49
303.61 249.8
515.87 254.55
196.08 255.37
449.74 254.63
402.85 256.67
432.25 257.39
185.09 260.09
237.36 260.32
162.13 261.04
206.68 261.68
350.7 262.65
215.87 264.05
519.89 263.88
510.92 264.81
129.71 265.53
227.86 266.05
420.01 266.98
433.72 266.58
162.11 268.12
351.6 271.67
287.06 274.47
251.8 277.47
309.55 277.17
417.04 277.41
520.51 277.7
167.28 278.78
506.05 279.11
333.63 280.1
277.41 281.53
402.03 283.93
735.8 287.28
760.59 287.12
185.23 288.5
206.34 290.23
212.76 289.97
464.35 289.81
530.64 290.96
345.57 291.83
428.49 291.73
725.93 292.43
168.89 293.27
296.85 292.69
499.88 294.42
658.48 293.48
326.86 294.79
277.65 296.81
160.57 300.37
176.81 301.04
468.81 300.98
549.05 300.82
351.04 301.9
529.2 302.21
559.27 301.9
336.88 303.37
411.51 303.52
422.24 303.0
451.28 302.48
576.17 303.03
717.19 303.87
225.33 304.84
238.81 304.97
768.62 306.85
128.52 307.79
192.44 307.9
540.13 310.09
567.26 309.46
836.85 310.65
552.86 313.15
747.71 312.55
160.82 313.8
366.8 314.13
415.79 313.64
444.52 313.67
572.76 314.46
339.73 315.28
650.88 316.11
658.15 316.19
355.84 316.84
760.31 318.81
587.29 319.69
530.37 321.3
635.32 321.39
729.29 320.78
699.53 321.69
168.51 322.97
334.64 324.87
671.63 324.99
749.5 324.71
432.82 325.6
485.83 326.21
443.38 326.83
479.52 326.44
423.59 328.1
504.43 328.05
594.36 328.3
646.05 327.72
726.22 328.29
342.53 331.4
567.11 331.38
574.44 331.13
707.35 331.29
356.23 332.06
623.06 333.46
550.94 334.16
496.0 335.27
667.75 337.45
464.73 338.42
540.16 337.55
476.36 339.24
514.79 339.01
743.68 338.93
365.92 340.0
611.0 339.61
645.12 340.4
566.87 341.18
168.04 342.14
630.77 342.45
682.78 342.35
490.8 342.82
733.78 344.8
542.02 348.39
658.98 347.65
622.08 349.16
684.5 348.13
723.0 349.56
241.36 351.09
559.68 350.97
708.06 350.66
745.55 350.94
222.74 352.03
670.79 351.96
186.31 352.57
200.94 353.43
640.1 353.38
478.28 353.64
452.43 355.2
464.29 355.05
233.3 358.53
604.82 358.18
656.57 358.19
645.06 359.36
734.08 358.83
752.34 359.33
200.86 359.62
633.75 363.11
666.79 363.12
762.28 363.89
682.52 365.78
623.32 366.36
208.99 371.49
716.28 370.86
194.21 372.15
606.68 372.41
643.42 371.89
847.93 373.68
224.0 375.74
687.95 375.74
675.45 379.52
186.82 384.21
506.38 383.7
614.41 383.7
625.77 385.37
438.42 385.64
638.45 385.65
168.53 388.81
485.32 392.01
529.58 392.18
420.29 394.17
603.97 394.16
762.13 394.06
696.56 395.43
195.86 396.42
185.48 397.46
219.07 397.31
433.0 397.67
627.19 397.85
392.57 402.51
126.53 402.97
405.1 404.13
434.67 404.14
508.6 404.05
191.01 405.19
422.55 404.66
484.98 405.97
596.96 406.95
763.24 406.56
255.58 408.08
885.13 408.29
244.02 408.64
375.81 408.7
472.95 408.9
498.31 410.41
527.02 410.22
671.18 410.28
691.08 410.38
620.95 410.51
712.49 410.45
402.16 411.81
542.37 412.29
271.96 413.03
384.41 412.74
209.66 414.36
288.2 414.08
435.02 414.3
186.9 415.04
232.83 416.0
260.14 416.16
316.31 419.12
419.59 420.97
554.32 420.98
656.5 420.87
110.98 421.58
644.78 421.72
672.31 421.69
277.16 423.07
463.58 423.36
579.08 422.55
595.17 423.68
261.87 425.3
302.83 425.21
409.74 425.46
482.8 425.29
565.45 425.01
219.59 425.98
236.77 425.88
534.45 426.75
547.26 427.48
312.43 428.46
286.09 428.53
185.1 431.52
248.24 430.93
196.2 433.3
207.11 434.42
329.6 433.64
580.83 434.89
436.98 436.3
517.31 436.78
269.28 438.71
288.56 438.57
834.2 438.68
611.1 440.59
866.15 441.16
321.04 441.83
530.43 441.68
556.33 442.15
648.87 442.0
167.57 442.74
622.53 442.96
185.52 443.92
741.96 444.09
200.89 445.11
732.69 445.07
254.41 445.63
478.06 446.27
215.43 447.1
346.19 447.34
705.02 446.54
247.07 447.68
275.24 448.22
580.84 448.45
293.79 448.9
335.63 449.41
490.07 448.6
503.34 449.17
264.71 450.56
222.1 452.11
324.5 451.74
541.44 451.53
514.6 453.34
636.75 454.9
280.42 456.32
286.93 455.93
503.97 456.85
539.11 457.14
563.89 456.81
265.39 458.44
172.86 458.98
232.27 460.05
624.67 459.38
200.23 460.84
314.11 461.86
494.11 461.78
764.57 462.11
303.53 463.25
616.82 464.65
609.33 465.97
296.89 466.57
341.97 466.52
270.68 468.77
505.63 469.25
599.13 468.7
161.86 469.56
214.25 470.18
200.71 471.33
236.24 472.42
330.28 472.14
633.14 472.83
689.72 472.52
652.4 474.35
309.55 475.78
280.8 477.28
641.74 477.8
615.65 479.18
167.48 481.01
497.89 482.57
563.07 483.34
545.02 484.93
635.02 484.81
218.69 486.36
649.47 486.85
315.87 488.38
588.16 490.42
339.11 494.12
270.69 496.25
502.56 498.48
518.04 497.98
596.28 497.64
246.77 499.03
709.27 499.47
220.92 500.63
479.73 502.23
602.06 501.63
182.69 503.62
646.43 505.87
248.5 510.85
765.19 511.38
653.41 513.56
256.8 515.98
362.8 520.03
292.42 521.39
240.99 521.76
686.06 522.43
323.3 522.94
302.33 526.11
249.97 528.91
283.14 529.16
525.38 529.6
271.12 531.23
709.17 530.75
704.84 531.84
169.9 532.67
725.93 532.78
292.94 534.74
261.8 539.34
524.52 539.42
743.96 539.24
241.83 539.93
361.99 539.64
738.68 539.78
233.08 542.02
159.05 550.37
295.6 551.12
140.53 553.24
126.96 555.27
255.38 556.59
150.06 559.94
139.11 563.96
207.18 564.89
129.3 566.09
698.8 568.71
698.47 574.88
128.52 579.01
748.91 583.29
134.38 57.7
324.96 115.67
210.57 87.43
238.82 87.74
379.67 87.7
535.78 88.62
251.28 89.93
222.17 92.56
517.96 92.9
294.49 94.26
364.73 95.32
393.52 99.55
251.3 103.18
174.54 106.14
276.91 107.22
132.1 108.76
452.24 110.57
377.23 112.2
335.32 114.97
162.41 118.3
522.79 118.84
345.79 122.88
439.04 123.21
464.67 126.8
362.8 127.52
208.54 144.5
262.83 152.5
294.93 154.71
132.26 159.2
173.41 159.14
311.27 158.13
334.64 159.1
518.85 158.43
731.53 159.26
342.65 163.25
369.82 165.65
282.96 169.15
141.04 171.95
162.04 172.12
417.21 172.62
585.46 185.15
355.51 195.24
370.58 199.76
395.79 206.57
466.2 208.13
425.07 210.33
379.02 212.81
482.67 212.93
865.39 214.93
395.7 216.54
517.23 217.61
213.71 227.86
265.92 233.66
415.93 235.88
367.79 237.95
588.74 237.78
351.78 241.24
173.37 242.93
525.76 246.7
401.27 253.74
447.84 254.18
195.21 256.67
240.53 260.95
181.78 263.37
211.41 263.25
432.95 262.2
161.51 264.57
418.47 266.35
349.12 268.41
227.76 270.39
393.6 270.96
290.12 271.96
251.56 277.2
333.31 280.59
418.41 281.09
440.02 281.2
520.05 280.3
263.82 287.26
403.2 286.81
172.64 287.9
208.55 287.75
237.27 287.63
356.48 288.46
426.45 288.99
532.56 288.3
734.75 288.99
759.14 288.48
298.75 290.52
337.35 300.89
448.31 300.17
577.62 301.01
657.66 301.39
419.39 301.84
178.67 304.08
469.05 304.24
769.55 305.76
327.32 308.56
443.5 308.76
627.45 307.84
746.01 309.28
569.5 311.22
712.01 311.72
840.16 309.66
159.88 312.28
553.69 314.37
413.3 316.24
459.03 317.79
656.97 317.16
534.47 318.48
482.92 323.41
635.25 321.74
758.24 322.81
507.47 324.93
589.88 323.69
670.45 324.45
730.5 324.09
170.54 325.78
427.64 325.62
693.47 326.36
328.2 332.49
568.29 333.83
610.38 333.72
369.4 336.68
495.6 337.16
517.06 336.31
170.54 338.81
462.16 337.85
477.18 338.85
682.75 344.04
622.78 348.63
710.01 350.74
748.81 351.86
559.7 353.78
670.45 355.48
191.86 356.35
463.88 355.53
482.79 355.86
652.77 356.48
603.16 360.31
684.12 360.97
733.58 360.68
759.78 360.39
232.76 362.01
668.8 361.44
715.18 372.68
224.36 374.42
691.12 374.98
848.06 373.83
673.3 379.26
436.15 383.44
186.14 385.24
620.98 384.51
640.43 385.25
453.33 385.68
505.66 387.15
170.94 389.1
529.88 389.32
219.54 394.02
694.75 394.58
390.79 401.2
435.22 401.0
195.05 402.36
746.89 402.41
760.58 402.92
513.76 405.22
246.31 406.46
492.11 405.81
595.83 406.36
404.6 408.87
422.31 409.37
668.43 407.6
545.28 410.07
230.13 412.36
620.82 412.17
712.38 413.39
690.65 413.73
209.01 416.39
109.67 419.36
187.19 419.66
578.83 421.03
641.85 419.45
302.33 424.82
485.43 423.6
617.69 425.74
660.32 424.35
672.67 425.39
406.56 427.11
220.18 428.38
316.29 428.54
595.65 427.55
548.45 430.95
202.09 432.02
250.28 431.93
514.04 433.19
330.51 433.89
583.4 435.12
440.01 437.18
836.38 436.35
172.38 438.08
528.92 440.95
735.44 442.65
184.31 444.85
626.57 443.7
664.8 446.4
201.36 447.75
251.22 447.93
475.87 447.66
577.86 449.24
218.88 450.97
338.46 450.66
497.62 452.46
265.86 455.01
543.13 454.93
639.94 454.45
520.29 456.15
284.41 457.77
563.47 459.62
761.52 463.41
299.05 465.28
612.77 463.79
160.79 467.31
200.72 466.26
328.76 471.0
507.38 471.08
528.26 469.98
635.7 470.15
234.63 473.41
692.12 472.69
281.2 480.21
312.67 480.28
168.95 481.56
336.97 482.98
547.13 485.92
650.08 486.28
217.3 491.06
267.04 493.89
249.21 495.55
514.46 495.69
598.14 499.32
476.33 500.32
762.98 508.36
364.45 517.04
646.75 515.72
186.98 519.38
320.07 520.09
305.31 522.79
203.31 526.83
277.6 526.79
526.61 527.02
252.47 529.88
403.09 530.03
172.32 533.58
293.13 535.19
238.4 541.13
741.6 539.57
157.18 547.58
265.62 89.39
277.89 94.62
320.18 94.32
264.94 95.5
411.19 102.68
377.68 103.94
354.34 112.48
231.96 146.0
315.53 158.22
414.09 222.28
431.51 242.17
519.11 249.61
622.53 334.71
562.17 422.18
689.74 522.74
523.57 541.46
314.3 118.15
395.77 119.23
405.72 117.66
324.95 119.93
416.61 119.83
438.67 123.84
366.93 127.08
466.04 127.45
458.14 127.65
446.49 130.48
207.47 144.03
301.17 149.48
258.99 150.92
268.38 153.52
516.05 155.0
177.12 156.44
190.75 155.68
221.97 161.06
374.06 160.98
231.83 162.42
284.91 166.69
303.6 168.92
161.76 172.66
352.22 197.65
237.0 203.75
463.82 207.17
843.08 216.52
514.69 220.56
453.86 226.41
268.8 231.4
516.69 231.51
368.61 234.86
844.14 238.14
348.32 240.54
432.27 241.17
175.55 244.47
320.65 246.44
400.63 251.51
266.27 257.34
296.85 256.82
245.02 259.6
211.91 262.15
434.35 264.16
179.66 266.94
346.95 266.68
293.3 269.87
393.11 270.76
227.31 273.63
443.66 284.73
175.17 285.54
235.53 287.22
302.65 288.22
355.44 288.43
406.13 288.59
732.88 290.49
500.56 293.89
419.85 296.41
726.35 297.8
339.67 300.27
657.81 300.22
224.44 302.67
442.95 304.82
770.58 305.12
623.8 306.96
842.67 306.45
159.86 311.04
324.97 310.8
713.21 309.17
389.06 312.02
555.33 314.55
347.74 317.87
533.73 318.34
407.74 320.28
587.56 321.37
424.63 324.07
667.69 324.1
729.74 323.74
693.54 326.27
755.74 326.86
610.84 329.02
327.27 330.97
173.38 331.59
566.64 333.59
494.65 337.37
682.64 343.03
713.75 348.89
650.16 350.68
193.72 354.35
249.3 356.22
561.68 356.5
756.92 356.0
463.13 358.13
486.82 358.54
732.67 359.48
600.06 366.47
202.83 371.96
694.73 373.7
772.34 378.92
434.88 379.64
672.11 380.88
620.61 384.32
642.19 385.7
729.41 386.85
185.96 387.73
482.51 387.66
218.6 391.8
693.07 395.06
443.17 398.39
757.93 400.1
518.04 403.39
196.9 403.62
492.86 404.29
664.87 405.19
375.12 408.57
407.09 408.58
622.35 409.24
466.07 410.37
270.78 412.12
423.49 412.88
208.9 414.04
713.55 415.65
736.29 417.72
577.63 419.77
185.8 422.49
510.04 429.2
599.78 429.32
664.97 427.96
203.26 430.05
228.72 430.03
548.16 431.6
839.51 433.4
588.02 434.49
272.49 439.15
737.57 440.0
628.2 442.69
667.21 443.11
180.77 445.64
249.5 450.0
201.03 452.29
340.58 453.05
496.94 452.74
521.97 455.44
546.14 454.39
288.1 459.01
158.33 463.69
758.41 464.75
200.11 467.96
613.64 468.84
528.55 472.65
692.7 471.81
265.17 474.92
311.66 477.68
343.27 479.41
594.41 480.56
651.46 485.33
264.29 490.81
253.35 491.8
512.08 492.52
221.91 494.42
613.07 495.25
473.18 498.17
346.31 501.87
759.42 504.7
272.76 513.8
367.35 514.42
180.61 515.68
321.74 517.28
310.01 519.73
274.82 523.84
527.45 524.38
695.74 528.57
213.34 190.47
271.27 196.84
345.96 203.52
239.96 209.3
207.14 226.29
275.31 227.2
341.17 235.99
327.1 241.69
403.71 243.41
254.47 255.47
385.84 273.33
177.18 278.72
543.83 287.13
745.36 289.77
414.0 292.17
449.07 297.54
772.97 305.53
395.45 316.03
612.84 315.7
200.01 322.51
323.72 322.36
418.24 323.02
586.42 324.67
178.98 330.86
664.78 329.74
453.61 333.05
377.17 335.55
492.29 337.86
753.77 340.13
462.19 365.05
563.22 363.62
697.03 374.16
669.22 381.2
775.34 379.56
447.3 395.22
753.94 398.27
543.36 404.2
207.92 414.62
281.48 413.62
416.86 415.13
712.58 421.17
508.75 425.58
740.3 431.11
596.03 433.52
669.52 435.77
177.36 447.12
248.06 452.66
494.76 453.79
287.96 457.31
200.55 462.04
545.56 459.9
615.93 466.21
343.93 475.14
509.48 225.06
179.46 251.07
528.63 255.37
291.59 260.06
565.06 455.28
754.09 467.82
228.6 474.9
388.39 233.02
262.62 261.15
533.93 267.83
374.94 284.95
448.89 298.94
486.09 304.67
613.47 314.61
318.35 321.95
581.23 337.28
647.63 339.89
583.9 364.16
456.06 392.62
579.95 400.45
