226.88 30.43
269.96 30.2
274.81 30.37
280.94 30.79
287.98 32.27
297.32 32.45
113.6 34.36
237.49 34.64
123.19 35.65
243.37 35.94
276.07 36.44
299.24 38.12
249.5 38.42
290.63 38.6
117.96 40.14
258.83 40.4
311.67 41.27
109.77 42.21
270.82 41.81
317.07 42.4
287.31 43.34
293.07 44.29
325.62 45.91
315.05 46.78
318.51 47.69
280.3 49.18
290.46 48.56
231.86 49.98
330.79 49.41
276.04 50.95
285.79 50.95
311.72 51.05
326.92 50.66
316.15 52.21
351.82 53.02
74.96 55.26
221.87 54.67
243.46 54.85
320.7 56.1
327.49 55.92
299.99 56.92
356.14 57.34
344.4 58.18
311.14 60.77
322.42 61.81
326.83 61.55
306.76 62.94
316.0 63.06
358.48 62.58
260.27 65.84
221.29 67.15
244.76 66.65
328.15 66.82
345.26 67.27
355.98 66.85
210.0 69.21
358.14 72.02
240.02 72.67
302.87 72.98
345.55 73.01
283.83 73.59
353.87 74.65
231.81 75.72
241.12 75.97
296.16 76.4
349.35 76.54
150.31 78.35
322.77 79.19
276.62 83.2
301.81 84.05
344.79 87.09
333.59 89.26
326.05 94.04
315.75 94.72
302.47 96.95
310.87 98.82
364.02 98.65
306.03 101.9
370.88 102.39
324.03 103.18
342.77 103.16
331.38 104.94
403.01 105.46
679.89 106.01
362.5 109.15
382.1 109.84
357.94 112.84
378.25 113.27
207.94 115.03
385.66 114.5
369.83 117.02
218.94 118.92
212.48 119.7
416.38 120.59
432.52 120.78
388.68 122.47
208.11 123.75
412.77 124.13
438.29 123.79
216.28 124.53
221.91 125.32
419.44 124.93
428.76 125.11
402.31 126.46
252.87 126.96
248.46 128.18
259.7 127.99
391.76 128.22
212.46 128.76
231.17 128.87
410.16 128.65
439.68 129.38
405.13 130.51
431.47 130.58
206.85 131.91
227.09 132.04
255.12 132.05
234.73 132.77
240.69 133.22
250.17 132.55
276.19 133.16
217.45 133.92
270.65 134.5
427.02 133.51
224.69 135.71
289.16 135.06
230.35 137.04
248.44 137.41
437.67 136.8
219.73 138.03
253.9 137.53
304.23 138.28
237.64 138.84
243.72 138.33
292.76 139.71
154.6 140.78
270.75 141.26
251.6 142.23
240.79 143.16
307.36 142.87
259.46 143.48
289.29 144.04
296.09 143.98
254.67 145.67
268.07 146.17
274.71 146.16
324.57 145.76
332.58 145.93
263.16 147.07
303.81 146.91
341.13 146.75
309.41 147.99
293.13 148.58
287.93 149.95
313.84 149.84
306.47 151.59
341.9 152.28
358.28 151.5
302.35 153.32
347.33 155.47
311.59 155.35
317.44 156.06
360.25 155.99
380.86 157.38
322.86 157.78
331.25 158.65
357.79 160.07
326.3 161.34
385.51 161.42
686.83 161.94
335.1 163.43
343.66 162.97
351.78 164.16
362.9 164.39
381.05 164.38
373.88 165.35
347.2 166.19
730.76 165.92
720.43 167.05
368.99 168.48
664.84 167.97
384.96 168.66
710.92 168.9
686.69 172.23
609.41 173.42
396.22 174.98
699.47 179.76
725.27 179.73
715.14 180.78
686.82 184.91
118.18 185.57
113.26 188.05
122.4 188.65
116.1 193.05
560.16 192.94
600.91 196.63
111.62 197.57
353.08 198.48
358.22 199.05
116.84 200.92
439.13 201.15
681.82 203.68
122.16 204.59
706.06 206.94
116.31 208.66
121.87 211.19
669.27 211.22
117.42 215.39
664.27 215.07
111.11 219.14
120.85 219.92
395.45 223.28
585.33 223.29
114.52 223.82
228.5 224.98
121.06 228.09
579.77 227.62
110.67 228.81
116.33 231.03
668.57 231.71
167.38 232.96
584.02 232.98
178.88 234.4
292.55 235.55
115.74 236.05
226.44 237.68
400.01 237.76
119.3 239.2
588.95 238.78
112.32 239.76
180.17 240.33
570.25 239.47
478.85 245.28
115.99 246.86
121.38 250.04
227.67 253.28
479.94 253.18
115.41 253.77
111.67 258.85
103.17 260.39
117.01 261.3
477.25 261.76
121.16 264.5
166.17 266.48
103.47 269.1
298.6 270.33
188.37 270.6
221.97 271.37
314.87 271.08
243.98 272.34
278.21 272.39
115.88 273.48
216.57 272.58
106.67 273.84
249.77 275.81
245.4 277.85
98.96 281.03
340.91 281.31
102.19 284.8
202.69 286.02
106.9 287.31
179.61 288.1
325.03 289.36
394.35 289.93
269.0 292.04
104.6 292.91
187.67 293.64
116.62 297.61
488.68 298.19
101.65 299.86
400.03 302.07
106.98 302.86
97.6 303.49
116.72 304.36
112.69 305.48
103.1 306.91
402.81 310.34
97.84 310.53
102.93 312.99
746.44 316.93
102.81 317.98
114.36 317.54
100.0 321.93
113.99 323.75
618.08 323.62
631.63 326.84
643.53 327.59
113.73 329.47
109.02 332.19
119.18 332.0
725.59 331.78
102.28 334.84
114.04 336.38
465.48 335.87
426.5 339.8
109.68 340.52
460.45 340.65
103.74 342.62
115.84 343.29
421.39 343.2
431.09 343.1
98.81 344.46
477.88 343.8
73.39 346.42
107.52 345.98
102.19 349.63
40.72 351.21
243.65 351.52
606.91 352.06
177.92 352.58
97.51 353.6
216.22 355.05
221.36 355.1
226.6 354.99
101.86 357.76
108.83 358.26
106.0 362.03
110.99 361.8
118.07 362.14
847.38 363.6
101.85 365.34
108.74 365.01
115.0 367.3
196.31 368.41
204.69 368.1
824.38 368.78
797.14 369.94
102.68 372.16
108.71 371.67
118.6 372.49
113.11 374.47
97.19 375.01
200.36 375.47
206.17 375.08
105.4 377.2
213.8 378.36
100.32 380.11
113.01 380.3
214.88 383.63
96.55 384.63
105.79 385.33
113.08 386.07
197.35 386.23
101.16 387.83
107.91 388.39
118.32 388.84
187.27 390.98
200.09 391.66
101.33 392.86
114.52 392.71
210.44 393.58
202.49 396.69
112.74 397.5
206.99 398.28
105.67 399.82
101.07 403.25
112.89 402.52
107.8 404.92
118.35 405.26
96.03 406.06
105.3 406.99
452.47 407.74
665.62 408.24
111.44 409.07
100.8 410.07
97.11 414.48
456.3 414.0
239.48 414.69
102.28 417.8
270.74 418.15
283.07 417.56
457.89 420.38
105.45 421.09
100.5 424.45
194.36 425.06
286.39 424.81
246.62 426.24
399.25 425.94
107.76 427.93
111.15 432.05
396.97 431.98
114.97 433.3
247.45 433.41
464.86 436.34
118.62 437.28
242.07 439.45
283.84 438.76
256.55 440.19
114.54 441.66
214.94 443.33
107.82 443.85
267.09 445.08
470.51 444.52
288.57 445.8
117.01 446.79
260.21 446.82
481.94 446.8
641.12 447.18
340.93 448.19
110.43 449.09
215.99 448.98
114.52 451.17
220.48 451.17
278.42 450.47
189.72 452.98
267.71 453.52
101.79 454.05
563.53 455.57
340.73 459.91
199.16 461.6
289.07 462.07
107.23 466.41
272.14 465.71
114.76 472.62
513.56 473.67
220.84 474.52
522.95 476.08
235.92 476.85
110.95 480.31
106.99 483.57
220.89 483.54
573.1 483.77
565.42 486.06
110.47 487.71
166.31 490.49
572.36 490.5
179.55 490.5
605.8 491.46
172.37 491.51
331.39 492.17
620.67 491.68
629.1 492.84
638.74 493.56
110.06 495.44
114.38 496.07
624.12 495.78
200.34 498.32
605.11 497.59
644.88 500.38
668.82 499.58
111.9 500.68
632.55 501.84
663.83 502.1
333.8 503.01
671.14 503.89
679.88 504.44
686.94 505.3
113.06 505.89
321.8 506.22
666.92 506.44
694.69 506.45
185.64 506.74
680.68 508.33
260.92 509.01
687.89 509.4
701.15 508.68
708.08 509.05
110.1 512.86
723.75 513.9
734.82 514.48
106.87 516.23
286.2 515.89
328.69 519.07
188.96 523.79
257.68 525.38
113.14 528.98
258.96 529.91
251.24 530.99
107.01 531.95
110.08 536.11
114.69 538.25
243.35 543.43
113.1 545.97
249.82 549.65
215.39 551.34
243.62 551.29
236.73 572.26
754.08 579.57
122.77 611.6
252.51 43.49
212.7 44.78
222.46 44.46
262.08 47.27
270.84 47.01
239.67 49.6
292.55 49.92
230.31 50.64
304.88 51.84
745.36 52.05
343.62 53.07
244.88 54.38
253.42 54.93
333.57 54.83
262.73 56.75
317.5 57.07
80.11 59.72
344.92 61.11
248.42 61.99
313.06 62.19
269.42 62.7
361.41 63.17
286.11 64.23
279.45 64.8
78.5 66.87
319.28 68.48
93.01 69.99
292.59 70.23
308.88 69.62
221.1 70.82
274.68 70.89
334.53 71.15
214.05 74.79
251.39 74.79
266.99 74.81
138.05 77.27
312.46 77.22
328.01 77.08
154.33 78.38
225.48 78.28
304.69 78.84
237.29 80.42
466.16 79.76
170.21 81.18
275.2 81.44
255.13 82.31
292.72 81.93
339.89 81.81
145.3 83.6
317.55 83.92
352.54 84.29
324.94 85.03
332.99 84.97
267.72 86.08
162.73 86.75
260.36 86.77
278.93 89.14
296.91 88.7
312.41 89.15
304.34 90.36
320.48 91.31
100.34 91.61
359.53 92.45
478.5 92.45
290.91 93.1
283.59 94.0
376.3 94.43
728.21 94.38
369.43 94.88
389.92 98.11
382.22 101.43
316.74 102.91
359.28 103.89
396.21 104.33
366.88 105.6
343.4 106.62
410.58 106.54
372.86 108.76
486.25 108.69
336.34 109.75
399.88 112.35
416.54 112.56
349.9 115.08
429.4 114.94
480.41 117.02
363.21 117.68
373.41 117.95
400.06 118.57
437.92 118.94
381.7 121.07
231.16 122.38
392.76 121.9
244.85 124.95
434.73 126.75
270.56 129.03
415.99 131.64
425.12 132.68
271.2 137.19
151.74 138.62
280.37 138.74
431.27 138.99
297.98 140.41
168.17 140.87
312.76 142.95
143.08 144.4
160.75 146.89
295.8 149.29
344.04 155.04
97.67 156.59
305.94 157.34
366.93 156.73
394.34 161.18
479.29 163.85
379.57 169.62
117.05 178.29
707.18 178.46
650.99 178.6
600.04 182.62
344.95 183.93
567.0 185.27
671.86 184.83
699.12 185.15
111.86 186.37
553.97 186.78
621.9 187.0
355.52 190.23
374.4 194.78
367.13 200.29
388.96 202.01
399.22 205.31
730.23 206.26
445.43 207.26
715.91 207.8
682.04 208.68
697.87 210.14
437.66 211.3
350.65 212.77
568.32 213.09
645.43 213.71
688.79 215.44
704.29 214.8
633.95 216.21
670.11 216.87
401.42 218.74
562.68 219.97
640.94 220.2
215.4 221.36
722.8 223.37
374.9 223.52
688.81 223.61
258.41 225.15
605.92 224.76
663.35 225.71
221.67 227.05
238.14 226.71
697.7 227.37
568.69 228.14
187.09 228.78
398.44 229.69
605.18 230.02
684.0 230.12
715.84 230.06
276.44 231.21
408.5 231.07
563.41 234.49
268.75 235.06
351.43 234.6
393.13 237.17
167.81 238.64
185.17 238.09
555.19 238.28
715.77 238.47
285.65 239.42
584.05 239.63
231.74 241.23
296.5 241.3
393.32 244.84
162.0 247.08
177.2 246.68
205.01 249.69
215.54 251.19
106.42 253.26
407.29 252.98
416.47 253.15
422.09 252.55
197.08 254.55
226.04 255.97
218.23 258.99
110.94 262.02
397.08 264.03
426.59 263.69
227.49 266.74
115.79 268.07
217.36 267.83
340.06 267.82
249.14 269.07
167.3 270.02
272.11 270.92
302.04 271.12
291.1 271.63
322.87 273.85
394.95 273.75
477.71 275.08
344.55 276.3
272.92 277.41
424.07 276.83
381.87 278.56
290.24 279.32
104.17 280.64
216.04 280.54
281.08 281.57
115.47 282.76
265.99 285.46
167.5 286.41
333.25 287.24
343.41 287.93
291.18 289.21
254.13 289.93
724.19 289.88
751.76 289.79
317.31 290.58
485.89 290.83
161.17 293.62
338.3 294.97
176.0 296.67
436.72 296.73
236.96 299.09
513.14 298.76
223.39 299.8
406.58 299.56
486.26 299.75
166.57 300.96
521.73 301.29
338.87 301.53
543.35 303.22
436.08 305.2
704.11 305.69
161.34 308.07
172.76 309.23
393.93 309.48
426.54 310.9
515.37 311.09
110.04 311.63
351.2 312.25
547.8 311.55
327.2 312.6
739.18 313.96
631.42 315.15
641.59 315.31
167.47 316.27
751.96 317.59
615.6 319.36
485.09 319.75
688.03 319.62
717.94 319.66
415.54 320.57
85.83 321.96
657.09 323.0
738.55 322.84
444.93 325.19
624.79 324.49
330.08 327.22
464.84 326.89
96.06 327.73
105.79 328.25
531.61 327.86
569.2 327.89
694.42 329.19
512.64 331.41
733.44 330.97
458.24 333.65
442.56 335.94
732.36 335.96
433.72 337.05
472.98 337.37
350.1 339.38
396.82 338.71
532.92 339.1
608.07 338.76
85.95 339.78
337.8 339.96
453.93 340.82
722.41 340.67
97.43 342.19
167.22 342.25
502.68 344.4
597.49 343.89
652.63 344.53
711.84 345.23
344.1 345.77
670.75 346.01
694.45 346.14
70.53 346.54
643.35 346.74
81.43 347.95
110.26 348.57
184.4 349.4
238.64 349.14
619.49 348.9
655.31 349.59
44.9 350.19
443.14 349.56
596.4 350.26
55.32 351.25
60.42 350.54
221.07 350.83
423.59 350.53
432.86 352.23
640.97 353.4
167.01 354.86
114.4 356.44
209.1 356.38
232.76 356.1
580.77 355.29
612.67 358.59
650.35 358.76
200.98 360.68
600.92 361.83
738.93 363.12
213.19 364.09
623.79 365.92
582.06 367.21
640.56 368.54
672.19 369.45
790.78 369.08
831.89 369.04
208.94 372.51
192.64 374.21
200.71 378.37
588.2 378.46
466.61 379.33
605.04 379.18
828.94 379.16
659.16 381.92
752.43 383.99
207.47 385.22
411.39 384.73
186.17 386.39
449.85 389.28
484.15 389.96
168.19 391.36
604.72 391.25
113.14 392.19
396.51 392.77
406.24 396.02
753.36 395.7
193.6 397.22
488.03 398.05
215.84 398.7
358.53 399.46
699.35 398.97
648.55 399.72
676.27 400.37
373.53 401.18
384.1 400.56
468.24 401.04
570.14 400.97
185.41 401.54
398.22 401.69
656.16 402.32
448.48 403.29
597.69 402.53
208.16 404.34
439.6 406.14
483.7 406.01
357.8 407.09
459.58 407.57
188.03 409.88
637.53 410.67
240.46 412.46
252.72 411.68
408.08 412.34
489.76 413.38
567.75 414.08
626.13 413.69
440.26 415.21
595.38 414.57
208.2 416.18
265.84 415.92
549.1 415.97
96.02 417.25
281.75 416.85
108.39 417.78
185.52 418.76
256.41 419.3
506.09 418.88
529.58 418.75
396.1 420.06
432.28 419.8
231.45 420.55
243.83 421.1
446.98 421.81
387.9 423.3
113.5 424.66
77.98 425.6
272.05 425.57
235.92 428.14
258.45 428.43
295.24 427.46
217.9 429.86
280.15 430.41
302.36 430.81
494.53 431.42
503.7 431.5
719.02 431.02
103.88 431.58
288.8 432.45
587.47 431.71
789.75 431.68
690.89 432.91
835.58 433.39
244.34 434.21
596.48 433.76
193.12 435.31
318.62 435.19
519.79 434.93
409.85 435.76
275.64 437.17
489.18 438.19
100.13 438.82
441.1 438.94
185.18 440.48
302.23 439.65
550.95 440.28
503.54 441.24
321.27 442.49
176.8 442.84
206.39 442.6
282.11 442.71
452.82 443.24
194.83 443.5
463.52 443.54
613.79 443.65
753.82 444.05
272.72 444.6
444.37 445.69
307.7 447.11
472.62 446.49
334.4 448.29
601.33 447.86
531.04 448.57
324.6 450.2
167.31 451.74
176.27 451.69
186.77 452.06
200.14 452.21
242.53 452.41
485.4 451.96
313.84 453.24
463.79 453.13
494.03 452.62
260.12 454.3
301.61 454.05
753.32 454.47
108.5 456.17
582.51 457.19
572.61 458.02
673.34 457.57
221.55 459.44
100.31 459.54
322.1 459.87
482.72 459.85
611.27 460.81
632.23 460.72
112.99 463.14
273.53 462.15
465.35 463.79
260.25 466.18
304.71 466.46
199.42 468.33
229.81 467.78
295.61 468.02
589.32 467.91
173.52 469.73
328.95 471.01
613.62 471.57
266.36 473.16
504.67 477.11
117.95 478.14
459.19 479.32
517.96 478.77
234.53 479.72
556.06 480.66
316.19 481.75
199.54 483.01
174.74 483.52
274.05 484.46
324.17 484.36
526.28 483.89
535.32 483.56
546.83 484.17
113.45 484.88
753.8 488.17
554.99 488.66
569.37 490.5
117.61 491.2
579.14 491.92
475.15 493.1
590.18 493.48
320.12 494.36
167.19 495.02
615.74 495.67
336.32 497.09
633.74 497.2
273.34 497.49
327.11 498.12
445.38 499.74
314.9 501.57
655.22 502.95
338.63 507.78
693.31 508.6
711.83 510.1
117.36 510.86
242.61 511.15
724.41 513.17
733.33 513.49
256.5 514.84
113.38 517.85
245.68 518.87
117.59 524.08
252.25 524.11
481.15 524.08
346.74 525.42
243.82 526.22
332.68 525.98
285.9 528.17
326.35 527.67
314.08 530.79
479.45 531.98
380.21 534.61
293.26 536.44
677.97 540.47
244.76 541.1
277.45 540.67
232.1 543.74
264.94 544.17
285.97 543.93
251.01 547.18
335.04 548.15
257.45 551.23
737.25 551.07
168.44 551.91
678.3 551.61
222.0 555.12
239.04 554.92
213.88 558.12
229.59 558.04
289.66 561.09
736.97 563.36
168.2 568.69
250.91 570.42
93.85 571.59
160.65 573.86
237.21 575.79
100.55 576.88
138.34 578.81
225.07 578.52
751.48 580.89
124.12 582.34
149.78 582.36
205.64 584.56
100.74 592.23
121.66 592.4
106.58 594.01
287.34 43.64
284.18 49.38
388.8 108.9
668.74 338.24
76.81 57.95
310.31 58.47
291.48 59.1
238.82 61.51
286.46 63.14
345.81 63.0
249.2 64.24
319.43 68.12
354.3 67.66
91.29 68.76
308.54 69.19
238.13 69.76
250.77 72.54
275.04 73.2
333.77 72.74
347.04 72.67
264.81 74.78
285.13 75.25
136.89 76.29
327.88 76.16
154.07 77.3
275.24 79.48
467.26 79.09
285.17 80.09
171.52 80.56
237.28 81.36
340.6 81.39
253.49 82.78
457.0 83.32
145.07 84.33
352.9 84.03
324.6 84.86
162.69 87.5
259.86 87.98
100.54 90.72
376.44 93.48
477.24 92.9
109.72 94.22
283.17 94.99
390.4 97.48
326.27 103.52
316.11 103.97
343.46 104.92
410.83 105.2
424.09 105.89
487.22 107.36
335.55 110.35
381.27 112.79
349.67 115.5
372.88 117.33
479.85 118.07
239.79 118.72
362.73 118.63
437.57 120.13
407.14 120.83
390.67 122.55
415.42 123.52
246.54 124.98
411.29 125.09
433.57 127.05
271.91 129.74
134.05 136.31
151.99 137.69
263.63 138.11
169.48 139.39
253.42 139.04
260.09 138.99
279.54 138.66
142.63 145.09
288.92 145.26
160.91 147.32
356.85 153.8
332.69 155.53
98.71 157.38
367.74 156.74
381.3 158.78
356.11 161.65
394.33 161.74
478.52 162.84
380.04 169.07
724.42 176.76
117.11 178.88
671.66 183.75
344.51 185.22
553.97 188.16
355.24 191.49
375.28 196.14
365.88 202.56
388.8 203.45
399.67 206.16
446.95 208.92
682.52 208.63
359.08 209.92
116.99 213.86
378.75 215.08
477.25 215.04
707.37 215.49
390.45 217.92
689.11 218.2
400.69 219.09
214.81 219.78
562.76 221.12
722.73 222.43
260.14 224.87
673.0 224.57
239.11 226.61
605.62 227.44
186.3 228.28
714.2 228.99
683.71 229.61
277.28 231.11
396.04 230.88
408.46 231.42
352.57 234.37
168.12 236.55
184.48 238.18
555.99 239.13
584.79 239.48
284.27 239.94
296.02 242.08
195.99 243.69
115.79 247.9
162.12 248.2
179.2 248.16
185.53 248.8
206.2 250.98
236.04 250.57
97.87 252.08
105.49 251.97
419.8 251.69
115.49 252.64
215.27 252.59
383.48 252.63
406.0 253.87
197.63 255.08
226.55 256.17
216.77 257.29
396.35 263.51
408.93 263.37
227.5 263.97
468.91 264.0
338.96 266.61
282.31 268.59
167.45 269.86
249.07 269.81
301.53 271.09
394.07 274.1
272.72 275.18
323.25 274.72
476.85 277.44
382.15 279.74
214.19 281.11
168.96 285.72
290.31 287.76
403.69 288.77
486.64 289.33
316.6 290.05
724.57 290.18
272.68 291.26
750.91 290.52
160.34 293.43
641.28 294.56
714.24 294.71
103.6 295.63
176.05 296.07
337.21 297.48
223.79 299.35
236.57 299.36
397.32 299.53
436.95 298.82
512.25 299.37
390.47 300.31
408.33 300.57
421.32 299.99
523.06 300.44
486.26 300.5
115.57 301.87
544.07 301.64
96.68 304.01
705.48 304.02
758.46 307.12
160.78 308.06
499.39 308.39
534.7 307.9
392.69 310.53
120.97 311.36
102.25 312.07
328.72 311.73
352.42 311.66
427.78 311.92
516.01 311.69
548.38 312.07
737.01 312.23
539.49 314.24
631.73 315.13
641.03 315.49
168.59 317.89
485.56 319.14
560.49 319.13
750.75 318.7
615.52 319.81
717.84 319.75
84.64 321.13
415.65 321.16
686.45 321.02
404.53 321.73
655.52 322.88
400.46 323.76
738.71 323.66
447.41 324.46
466.08 325.76
626.8 325.54
96.18 326.97
531.14 327.26
568.15 327.3
330.37 328.33
544.32 327.67
694.49 328.82
600.77 330.05
512.73 330.99
459.1 333.33
733.27 334.06
432.42 335.84
474.24 336.06
442.95 336.87
351.93 337.52
397.37 337.97
586.64 337.78
625.24 337.72
609.27 338.97
168.13 340.48
576.79 341.23
722.5 341.39
96.3 342.15
669.77 343.48
501.96 345.32
598.38 345.48
642.34 345.65
711.05 345.33
70.73 346.35
695.02 346.35
734.62 345.94
110.66 347.24
654.29 347.88
82.17 349.15
238.87 349.46
620.18 349.21
186.22 350.31
642.23 349.42
200.5 351.18
220.87 350.81
445.07 350.83
58.27 352.07
421.71 352.35
722.28 353.09
741.32 353.21
433.16 353.73
579.97 353.8
210.35 356.3
230.95 357.15
632.3 356.82
751.45 356.99
612.68 358.53
650.28 358.13
668.52 359.3
199.95 359.51
838.6 360.77
601.33 362.47
215.13 364.59
704.03 365.42
100.61 366.16
623.73 366.25
581.83 367.15
640.13 368.19
673.37 369.08
792.16 369.43
830.64 369.16
208.06 372.16
193.4 373.19
660.16 372.59
222.72 377.34
632.73 377.18
589.75 377.93
603.73 379.4
617.0 378.63
466.32 380.4
827.65 380.09
650.39 380.98
410.13 383.88
422.62 384.14
579.19 383.35
682.81 386.13
186.64 386.68
485.79 388.05
449.27 389.55
604.91 391.26
731.86 390.86
168.96 391.8
396.97 392.59
444.51 393.3
634.88 394.31
406.63 395.41
752.06 394.57
195.41 399.04
217.24 399.56
107.18 400.61
185.03 401.42
372.53 401.21
468.27 400.5
569.82 400.72
654.89 401.16
676.28 400.44
699.59 400.29
384.32 403.25
398.33 402.96
408.96 402.99
450.24 403.08
597.52 402.73
438.69 405.71
458.23 405.95
483.35 406.24
503.36 406.38
359.28 408.04
100.18 408.98
113.35 409.08
190.02 409.77
251.41 410.99
380.88 411.26
241.44 411.94
638.13 411.68
407.65 412.75
625.21 412.63
567.67 415.46
266.87 415.55
281.71 416.37
548.48 415.76
594.51 415.96
708.11 415.6
94.88 416.99
207.94 418.41
528.84 418.21
255.81 419.2
396.69 419.09
186.27 419.85
229.94 419.94
431.19 420.25
507.0 420.57
448.25 422.11
386.55 424.18
77.91 424.73
271.58 426.05
294.97 426.35
550.6 427.94
257.24 428.58
729.67 428.56
234.21 429.82
505.34 430.12
719.82 429.91
104.58 431.44
217.84 431.12
280.26 431.42
304.76 431.13
791.18 430.66
473.08 432.48
586.29 431.97
629.37 431.87
835.69 432.4
691.19 433.11
597.54 434.27
245.25 435.14
318.91 435.33
410.8 434.98
194.07 436.44
519.8 435.82
486.7 437.45
536.31 437.03
184.43 439.06
301.11 440.16
442.01 441.42
550.4 440.79
195.96 441.73
205.57 441.7
281.85 442.49
502.76 443.36
614.64 444.04
752.43 444.39
310.91 444.95
454.32 444.7
462.68 444.97
251.56 447.38
601.14 447.19
473.45 449.13
530.32 449.69
249.81 451.62
324.74 450.93
496.37 450.43
167.34 452.03
185.25 451.76
463.68 452.01
200.03 452.84
244.43 453.01
287.04 452.81
593.52 453.86
457.27 454.84
752.93 454.54
260.2 455.61
582.58 455.76
119.43 456.77
100.19 458.01
572.02 458.36
674.09 457.92
219.93 459.4
610.77 459.32
454.89 459.65
275.48 460.91
632.96 461.06
260.67 464.35
465.72 464.47
304.96 466.2
329.74 469.3
172.16 469.9
199.16 469.54
613.19 471.74
264.73 475.15
319.2 475.33
527.63 475.35
505.14 477.41
212.42 480.2
557.34 480.02
233.32 480.69
694.63 480.49
161.78 482.45
199.65 482.11
275.0 483.38
324.76 485.81
568.86 487.13
752.81 486.76
624.96 490.57
577.68 491.98
464.31 493.06
473.84 492.56
306.11 493.57
602.74 494.26
167.64 494.7
273.73 495.12
217.03 496.96
327.49 497.95
633.4 497.78
443.95 498.66
115.68 500.72
668.89 503.06
263.43 505.91
693.75 509.19
243.75 509.57
711.71 509.8
75.46 513.61
730.83 513.68
256.22 514.61
244.22 522.1
481.56 522.92
348.08 523.62
252.85 526.5
331.25 525.88
285.31 529.56
312.39 529.72
479.35 532.81
112.41 534.03
294.54 534.47
276.35 539.35
246.76 540.38
265.96 542.18
286.18 544.02
680.98 544.02
680.79 549.11
258.12 551.31
169.51 551.62
735.18 552.91
238.92 554.21
306.75 556.89
735.47 560.82
252.22 570.33
159.1 572.72
101.33 576.89
137.48 578.33
750.98 579.69
108.97 580.72
148.97 582.45
205.86 584.09
262.9 68.25
99.84 86.66
163.21 89.3
456.21 88.54
474.55 93.96
362.37 103.21
410.9 102.53
489.33 104.74
209.84 116.99
412.98 119.65
478.43 120.93
208.94 123.9
433.77 124.51
130.08 134.51
173.39 137.23
259.83 136.64
140.83 146.82
308.42 147.27
161.81 148.77
331.4 153.18
358.03 156.88
101.22 159.28
477.62 159.9
721.9 175.47
341.55 186.96
555.32 190.46
355.84 192.66
376.72 199.32
115.29 199.9
433.68 204.71
362.62 206.77
375.98 212.49
449.84 211.75
213.38 215.7
475.19 217.48
394.6 218.2
709.08 221.25
115.18 224.09
262.87 223.78
174.0 229.46
392.33 231.45
353.14 231.75
212.6 236.99
229.14 236.65
194.99 244.19
101.96 249.35
181.68 251.48
380.64 250.07
419.7 250.67
161.39 251.68
210.96 253.19
239.18 251.95
226.52 261.97
336.89 263.42
395.18 262.93
409.66 260.72
285.19 266.21
375.39 266.93
248.86 269.9
415.01 278.35
209.84 281.3
235.21 280.6
259.74 281.25
172.5 281.74
383.98 281.94
292.73 285.18
488.44 286.29
722.4 292.03
749.37 291.55
330.57 297.02
394.65 298.11
178.7 299.6
436.93 301.35
484.96 301.12
545.66 299.93
640.57 300.67
415.25 302.54
605.92 307.2
759.47 306.17
534.61 308.7
735.21 309.06
336.24 312.7
427.28 313.31
498.75 312.27
516.73 313.3
388.49 314.12
637.72 316.37
487.59 318.21
170.71 320.52
447.26 320.13
614.51 320.38
401.69 322.37
654.96 322.61
719.02 322.08
748.42 322.45
564.17 324.26
97.93 325.52
680.26 325.64
533.76 331.16
737.6 328.53
316.31 331.75
586.05 333.03
355.1 334.3
428.61 335.02
170.59 337.23
446.5 337.13
457.16 335.79
668.3 341.5
599.04 344.97
623.43 347.08
638.42 347.49
696.73 347.0
737.27 346.14
653.88 351.53
448.6 353.32
87.73 353.76
195.79 354.76
578.27 353.65
721.81 354.65
748.68 353.54
433.34 358.02
230.29 360.71
601.0 362.34
676.71 368.25
704.31 368.29
827.63 369.37
849.76 367.9
200.29 370.81
760.46 370.41
795.32 370.04
222.81 373.68
658.29 372.65
599.84 379.3
618.64 378.68
631.66 378.47
408.08 381.1
577.63 383.81
824.29 383.32
424.72 383.63
463.8 384.79
487.05 385.34
185.82 386.21
681.76 385.74
749.48 390.99
170.9 391.93
217.33 396.78
409.91 398.14
474.28 399.3
652.25 398.58
370.56 399.95
568.57 399.96
454.8 402.37
699.21 403.36
196.57 404.39
503.29 404.78
675.36 403.52
597.4 404.74
384.12 407.71
243.97 409.6
621.89 410.6
401.32 412.31
548.75 414.21
640.55 415.28
227.46 416.52
523.42 415.87
658.52 416.27
568.09 419.13
207.49 421.24
450.21 420.93
186.7 424.27
508.73 424.96
294.38 426.06
383.54 426.23
722.52 427.42
470.67 428.59
553.45 427.97
793.99 428.55
582.97 430.53
835.98 430.04
115.34 432.2
281.51 433.06
643.65 431.9
218.6 433.66
415.43 434.64
602.3 434.8
247.17 436.76
319.93 435.63
486.55 435.66
626.63 437.1
200.81 439.14
546.52 441.71
440.05 444.78
617.77 443.78
267.42 446.18
749.43 446.28
458.88 447.75
501.14 448.84
478.28 450.91
183.9 452.45
247.28 453.12
327.42 452.2
528.48 452.28
587.71 453.07
200.41 454.91
611.21 457.46
676.64 457.38
217.31 458.99
261.65 460.69
635.28 459.65
278.16 462.54
484.53 464.59
468.29 467.24
172.96 470.25
99.44 471.88
199.61 474.88
317.85 474.89
214.8 476.07
160.57 480.45
232.25 481.93
528.54 484.48
750.35 483.96
275.55 487.37
327.94 485.84
470.03 490.81
572.76 490.15
168.48 495.21
440.45 496.96
215.16 500.89
261.38 503.13
246.07 505.6
688.66 509.47
729.8 513.47
349.5 520.57
483.29 520.31
297.93 530.62
185.88 535.12
112.76 536.09
271.0 537.44
248.95 542.15
286.53 544.55
682.73 546.8
171.76 551.79
236.25 555.45
665.63 556.7
731.95 556.17
282.93 97.28
391.84 96.45
326.13 103.24
315.88 105.15
384.11 108.37
231.11 126.98
291.35 140.16
115.58 431.96
231.21 434.02
172.84 445.97
113.76 467.75
672.02 502.5
112.14 518.73
478.02 534.91
352.16 118.04
406.98 119.22
416.52 118.93
340.66 120.42
208.31 123.29
428.47 123.53
478.51 123.65
125.78 132.25
177.39 134.98
190.84 136.03
263.68 135.73
290.59 141.59
230.89 144.1
358.43 153.3
295.9 157.05
391.85 162.72
337.95 189.03
235.79 190.05
431.19 203.77
116.37 214.46
420.95 219.81
471.73 220.4
265.42 221.89
175.85 231.34
334.29 234.57
407.85 238.53
289.71 247.98
380.56 248.07
159.31 252.22
211.57 252.62
243.26 251.56
180.14 254.44
334.97 261.09
287.89 263.23
225.91 264.82
373.76 267.08
175.03 279.3
233.39 280.84
416.37 280.51
296.49 282.63
341.5 283.32
389.16 283.75
721.08 293.1
326.53 296.97
415.66 299.43
640.67 299.88
714.59 300.15
159.79 304.23
313.87 306.23
601.92 306.54
760.62 305.94
372.99 310.37
515.72 311.55
335.11 314.32
630.39 314.79
386.19 317.27
493.91 316.45
643.86 317.41
397.76 319.97
718.69 322.25
680.19 325.44
745.06 326.83
315.34 328.96
423.35 328.46
586.35 329.01
533.57 330.98
358.58 331.87
454.61 335.84
574.56 339.61
668.86 343.49
700.2 344.87
632.01 346.9
745.07 348.64
576.55 349.63
521.98 353.45
721.14 353.11
193.3 354.39
451.62 355.69
575.3 361.8
433.71 362.1
680.63 366.58
761.35 371.24
798.15 370.04
201.94 373.13
657.41 373.81
406.75 376.94
597.12 378.27
620.57 379.15
715.75 378.6
446.76 384.34
575.73 387.05
820.19 386.7
747.19 388.61
186.03 390.4
216.62 394.73
414.23 396.79
649.93 396.54
567.83 397.76
455.04 400.96
476.52 400.36
598.95 402.23
196.43 407.35
386.99 407.48
699.28 406.08
723.81 406.32
619.88 410.44
533.11 412.51
548.41 413.67
207.64 418.47
643.39 418.48
574.59 420.7
467.44 425.55
724.52 424.79
508.7 425.85
796.76 425.65
185.24 428.07
557.79 427.72
486.31 432.14
225.68 434.93
419.15 435.19
604.41 434.43
202.03 437.07
545.27 443.8
458.51 446.86
504.23 449.36
746.41 447.85
479.59 450.5
180.23 452.73
244.62 454.91
329.14 454.63
588.55 456.95
618.03 456.76
676.98 455.78
281.29 463.95
215.14 466.04
568.13 469.21
199.55 477.58
631.02 478.87
259.94 480.91
331.45 483.62
746.91 481.59
437.46 495.08
625.68 498.03
257.56 500.31
678.16 504.27
332.5 505.54
352.93 517.26
484.98 517.58
267.63 522.76
302.67 526.68
214.65 172.48
269.28 183.57
331.32 193.85
238.55 196.35
205.21 209.69
272.15 217.89
462.24 223.32
326.54 229.99
179.7 234.04
381.35 238.77
253.02 246.73
367.33 267.19
358.24 279.81
500.67 284.12
391.56 288.5
421.14 294.7
717.73 297.13
393.08 317.76
587.65 316.85
311.37 320.13
680.4 320.77
178.18 327.26
559.18 326.44
652.95 329.8
361.41 332.31
617.58 333.94
744.0 337.5
779.26 345.32
430.22 363.12
527.75 359.82
568.64 360.82
683.07 367.21
763.64 371.34
436.06 372.71
655.27 373.58
419.53 393.94
563.98 393.32
500.47 397.9
197.82 410.17
601.37 407.94
696.57 408.12
390.34 412.08
275.24 415.89
727.11 416.27
764.94 416.87
466.76 421.87
570.77 425.46
650.45 424.62
601.87 433.34
176.78 454.58
504.07 453.63
244.66 458.41
429.44 458.59
280.59 461.51
199.44 470.37
630.68 473.13
284.4 251.37
538.27 405.76
547.87 451.81
741.8 451.52
262.3 252.93
491.86 267.16
354.77 285.67
728.21 294.62
457.05 301.39
588.02 314.88
306.62 318.3
556.12 337.59
641.74 336.17
622.11 340.4
561.38 364.25
422.75 390.25
556.3 391.03
507.68 392.0
686.13 407.79
