14 142
18 149
22 2
24 5
25 154
27 4
30 155
32 0
33 13
35 19
37 9
39 20
40 23
42 15
43 18
44 21
45 24
46 28
49 26
50 31
52 33
53 41
56 30
57 38
58 39
59 39
63 40
68 27
71 43
72 44
74 54
75 47
77 46
79 63
84 61
85 65
87 58
88 57
90 64
93 55
94 62
95 181
96 70
97 69
100 71
104 73
105 74
106 75
109 77
110 79
112 85
113 84
117 86
123 89
124 95
129 110
130 113
133 123
134 88
136 92
138 104
139 96
140 99
141 100
142 106
144 105
147 177
148 109
149 120
150 108
152 125
153 122
156 115
157 89
159 131
160 114
163 134
165 124
166 127
169 139
173 133
174 444
175 146
176 106
178 129
179 141
180 142
181 137
183 149
186 138
187 144
188 126
189 154
191 143
193 154
194 156
197 152
201 187
207 158
208 186
209 188
212 161
213 168
217 165
218 166
219 174
225 172
228 189
231 176
246 182
252 197
253 198
254 208
259 212
263 216
268 211
273 214
278 223
279 220
280 222
283 230
285 241
289 245
293 247
294 250
296 254
298 255
303 262
304 261
307 266
313 279
316 284
317 285
318 286
321 290
325 294
326 296
327 300
329 302
331 309
332 307
333 309
336 312
337 313
341 323
342 324
345 335
347 338
350 342
352 346
354 347
356 351
357 353
363 1735
369 367
371 369
372 370
374 366
375 362
376 374
378 376
381 377
382 382
385 380
386 385
387 387
388 386
389 389
393 383
399 404
400 402
401 403
402 398
403 405
404 392
407 409
412 412
413 397
415 415
416 407
421 420
422 428
423 426
425 414
434 429
436 458
437 451
441 443
443 453
448 427
449 430
450 463
453 431
454 432
459 462
460 464
462 438
464 466
465 441
466 439
469 444
470 445
472 446
474 452
475 455
477 454
478 456
483 476
484 477
504 487
506 485
507 492
508 480
510 494
511 496
518 496
520 493
523 499
524 501
525 504
526 502
527 497
528 507
530 506
532 516
536 513
540 519
541 525
542 528
543 530
544 531
548 518
549 520
554 532
555 536
556 538
558 548
559 534
561 535
567 549
568 522
569 543
570 544
571 552
575 551
582 554
591 556
593 565
598 572
599 574
604 569
607 578
608 580
610 588
612 585
613 581
615 586
616 594
618 588
623 588
627 599
630 602
632 609
634 612
635 613
636 605
639 606
641 607
645 608
650 626
654 614
656 887
658 628
660 623
663 615
668 622
669 639
672 955
673 627
677 625
678 637
680 629
681 642
683 632
686 649
687 641
688 636
689 646
690 645
692 644
694 651
695 654
696 655
697 648
698 647
701 663
702 661
703 662
704 657
707 658
709 659
714 669
715 668
716 673
717 670
718 681
719 672
720 674
721 677
723 678
724 675
725 679
726 684
728 685
730 683
731 686
733 698
734 689
735 697
738 691
739 693
740 694
743 692
744 695
745 699
747 696
748 702
751 701
756 847
757 707
758 705
759 712
761 715
762 710
764 714
767 718
769 720
771 1228
772 717
773 722
774 725
775 724
776 726
777 727
778 729
780 732
784 736
788 734
791 739
792 740
796 831
798 746
801 766
802 293
805 751
807 1046
808 759
809 754
810 756
811 757
813 760
814 763
815 761
817 765
818 768
820 772
821 767
822 769
823 775
824 776
825 772
826 770
827 784
828 780
829 785
830 777
831 778
832 786
833 788
834 790
836 792
837 787
839 795
841 798
843 796
845 797
846 805
847 800
849 806
853 802
854 807
856 816
857 814
858 808
860 815
861 819
862 812
865 813
866 825
869 827
870 836
871 823
873 828
874 832
875 833
876 826
877 837
878 834
879 846
881 835
883 844
884 824
885 848
886 849
889 829
891 843
892 840
893 831
894 856
897 838
898 857
899 862
900 850
901 860
902 863
905 851
908 847
911 866
915 855
917 875
919 878
921 871
922 870
924 864
926 877
927 879
928 880
929 892
931 890
932 885
933 900
934 896
935 893
936 905
937 906
938 909
940 882
941 907
942 913
943 886
944 887
945 899
947 921
951 891
952 905
954 924
955 915
957 888
958 883
959 925
960 917
961 908
962 920
963 910
965 902
966 930
967 1448
968 914
969 927
970 931
971 937
974 919
975 944
976 939
978 928
979 952
980 948
981 929
982 949
983 946
984 918
985 947
986 912
987 950
988 940
989 955
991 953
992 935
993 934
994 945
996 960
998 964
999 963
1001 965
1002 951
1003 979
1005 958
1007 956
1008 954
1009 978
1011 961
1013 981
1014 984
1016 986
1018 976
1019 972
1020 992
1022 988
1024 995
1025 977
1027 997
1029 980
1030 982
1031 971
1032 1002
1033 999
1034 1004
1035 1005
1038 1001
1039 1006
1040 1009
1041 1008
1042 1011
1043 1013
1044 1012
1045 1000
1046 1020
1047 1014
1048 1008
1049 990
1050 1016
1051 1015
1052 1018
1053 1007
1054 993
1055 994
1057 1017
1058 1023
1061 1028
1062 1026
1063 1528
1064 1530
1067 1533
1068 1032
1069 1035
1072 1534
1074 1019
1075 1526
1078 520
1079 666
1092 1061
1102 1051
1103 1055
1104 1051
1105 1054
1107 1057
1109 1050
1110 1053
1117 1073
1119 1068
1123 1082
1124 1072
1125 1074
1134 1085
1138 1079
1143 1100
1148 1103
1151 1102
1157 1110
1163 1111
1167 1118
1170 601
1171 1121
1172 1122
1176 1123
1177 1123
1180 1126
1183 1130
1184 1138
1185 1132
1186 1133
1187 1143
1194 601
1195 1149
1199 1139
1201 1155
1203 1144
1209 1147
1210 1470
1211 1150
1212 1159
1216 1157
1217 1154
1218 1160
1220 1165
1221 1166
1223 1167
1225 1179
1226 1180
1228 1173
1232 1178
1234 1187
1237 1184
1239 1584
1240 1188
1241 1189
1242 1191
1243 1192
1244 1193
1245 681
1246 1190
1248 1195
1249 1194
1251 1204
1257 1202
1258 693
1259 1201
1260 1209
1262 1200
1264 936
1265 1203
1267 1207
1268 1211
1271 1212
1272 1222
1275 1218
1276 1215
1277 1220
1278 1224
1279 1226
1280 1213
1281 1214
1282 1227
1285 1229
1286 1230
1288 1237
1289 1239
1290 1228
1291 722
1292 1231
1295 1234
1297 1242
1299 1246
1300 1245
1301 1244
1303 1248
1304 1251
1305 1243
1307 1253
1308 1255
1310 1256
1311 1250
1312 738
1313 1254
1314 741
1315 1261
1316 1258
1319 1260
1320 1263
1321 1264
1323 1265
1324 1266
1326 1258
1329 1271
1331 1268
1332 1272
1333 1274
1336 1277
1337 1276
1338 1281
1339 760
1340 1279
1342 1284
1343 1283
1344 1281
1345 1285
1346 1292
1348 1287
1349 1288
1350 1297
1351 1290
1352 1294
1353 1296
1355 780
1356 785
1357 1303
1358 1306
1359 1304
1360 1295
1361 1293
1362 1301
1363 1302
1364 1312
1366 1310
1367 1308
1368 1311
1369 1314
1370 1324
1371 1316
1373 1319
1376 1327
1377 1321
1378 1326
1379 1339
1380 1332
1381 1329
1382 1330
1383 1335
1385 1344
1389 1337
1391 1338
1392 1350
1393 1353
1394 1351
1396 1342
1397 1354
1398 220
1399 1360
1400 1362
1401 1355
1402 1372
1403 1361
1405 1356
1406 1349
1409 1375
1411 1365
1413 1367
1414 1357
1416 1364
1417 1359
1418 1374
1420 1380
1422 1386
1423 1381
1425 871
1426 1391
1428 1408
1429 1389
1431 1376
1433 1378
1435 1397
1436 1392
1438 1379
1439 1400
1440 1398
1441 1395
1443 1387
1444 1406
1445 1402
1447 1393
1448 1408
1449 1407
1450 1423
1451 1416
1452 1419
1453 1428
1454 1417
1455 1399
1456 1418
1457 1410
1459 1429
1460 887
1461 1411
1463 1433
1465 1420
1466 1412
1467 1443
1468 1415
1470 1401
1471 1446
1472 1404
1473 1440
1477 1414
1478 1447
1480 1426
1481 1448
1482 1441
1484 1435
1485 1452
1487 927
1489 1438
1490 1431
1491 1461
1493 1445
1495 1439
1496 1463
1497 1467
1499 1437
1500 1468
1501 1465
1502 1460
1504 950
1505 1449
1506 1453
1508 1466
1509 1470
1511 1456
1512 1478
1513 1474
1514 1479
1515 1476
1516 1471
1517 1459
1521 1480
1525 958
1526 1472
1527 1473
1528 1469
1529 1853
1531 1488
1532 1475
1533 1493
1535 1486
1538 1500
1539 1477
1544 1484
1545 1505
1548 1508
1549 1507
1550 1510
1552 1497
1553 1511
1554 1514
1555 1516
1556 1515
1557 1506
1558 1517
1559 1499
1560 1499
1561 1522
1562 1501
1563 1518
1564 1521
1578 1534
1580 1519
1581 1021
1583 1523
1601 1540
1602 1782
1609 1546
1610 1550
1613 1549
1614 1552
1616 1557
1618 1554
1619 1555
1625 1559
1626 1561
1627 1562
1628 1564
1630 1565
1631 1567
1633 1566
1634 1569
1635 1568
1636 1573
1637 1575
1641 1574
1643 1582
1644 1583
1645 1579
1646 1586
1647 1581
1649 1590
1650 1584
1651 1589
1652 1588
1653 1587
1654 1592
1655 1591
1656 1593
1661 1597
1663 1830
1668 1601
1669 1602
1670 1603
1671 1600
1672 1604
1673 1611
1674 1609
1676 1605
1677 1606
1678 1607
1679 1613
1682 1612
1683 1615
1684 1614
1687 1841
1688 1619
1689 1620
1690 1617
1695 1629
1697 1630
1699 1628
1700 1623
1701 1626
1703 1635
1705 1636
1706 1637
1709 1639
1711 1640
1712 1642
1714 1646
1717 1648
1718 1651
1719 1655
1720 1649
1721 1645
1722 1652
1724 1653
1725 1654
1726 1656
1727 1648
1728 1659
1729 1665
1730 1658
1732 1666
1734 1676
1736 1668
1739 1679
1740 1675
1741 1680
1742 1677
1743 1684
1744 1681
1745 1688
1749 1693
1750 1686
1752 1692
1754 1683
1755 1689
1756 1698
1758 1687
1760 1702
1762 1704
1763 1696
1766 1703
1768 1697
1769 1700
1770 1707
1773 1701
1774 1705
1775 1738
1778 1721
1781 887
1782 1789
1783 1722
1784 1708
1785 1733
1786 1719
1788 1738
1790 1726
1792 1741
1793 1735
1794 1730
1795 1742
1796 1731
1797 1727
1800 1736
1801 1729
1803 1737
1804 1752
1805 1749
1806 1750
1808 1745
1809 1739
1810 1753
1812 1756
1814 1760
1818 1762
1819 1763
1820 1764
1821 1758
1822 1759
1823 1761
1825 1767
1827 1770
1829 1769
1831 1772
1832 1768
1833 1773
1834 229
1835 1776
1836 1774
1837 1777
1838 1766
1847 1785
1848 1552
1849 1570
1853 1699
1854 1791
1861 1795
1866 1798
1867 1805
1868 1804
1869 1804
1871 1802
1873 1806
1874 1807
1875 1806
1876 1808
1877 1808
1879 1810
1881 1812
1883 1815
1884 1814
1885 1816
1886 1815
1889 1818
1893 1821
1895 1820
1896 1824
1897 1577
1899 1825
1900 1826
1901 1827
1903 1828
1904 1832
1905 1830
1906 1831
1907 1833
1908 1834
1909 1835
1910 1836
1913 1840
1914 1837
1915 1839
1919 1843
1921 1841
1922 1842
1924 1845
1925 1846
1928 1849
1932 1853
1934 1855
1935 1858
1936 1856
1938 1859
1939 1861
1940 1863
1941 1864
1943 1870
1945 1868
1946 1866
1948 1871
1949 1869
1950 1872
1952 1874
1953 1875
1956 1880
1957 1881
1958 1882
1959 1887
1961 1888
1963 1889
1965 1893
1966 1895
1968 1890
1970 1896
1971 1894
1975 1902
1976 1897
1977 1898
1978 1901
1979 1909
1980 1905
1981 1904
1983 1915
1984 1912
1985 1907
1987 1910
1988 1728
1989 1906
1990 1914
1992 1921
1993 1922
1995 1923
1997 1920
1998 1918
1999 1927
2001 1919
2002 1930
2003 1924
2005 1926
2006 1932
2009 1929
2010 1931
2011 1937
2017 48
2018 1934
2019 1942
2020 1940
2023 1943
2024 1942
2026 1938
2027 1944
2030 1947
2032 1949
2033 1951
2034 1951
2036 1954
2042 1959
2045 1962
2047 1963
2048 1961
2049 1966
2050 1965
2052 396
2053 1968
2055 1970
2058 1975
2059 1978
2064 1982
2065 1986
2066 1985
2067 1984
2068 1989
2069 1987
2070 1990
2072 1993
2073 1995
2076 1998
2080 1950
2081 1952
2083 2000
2084 2002
2085 2003
2088 2004
2089 2005
2090 2006
2091 1959
2092 2008
2093 2009
2094 2010
2096 2013
2097 2014
2098 2015
2099 2016
